           1           1   1.0000000000000000     
           2           1   1.0000000000000000     
           3           1   1.0000000000000000     
           4           1   1.0000000000000000     
           5           1   1.0000000000000000     
           6           1   1.0000000000000000     
           7           1   1.0000000000000000     
           8           1   1.0000000000000000     
           9           1   1.0000000000000000     
          10           1   1.0000000000000000     
          11           1   1.0000000000000000     
          12           1   1.0000000000000000     
          13           1   1.0000000000000000     
          14           1   1.0000000000000000     
          15           1   1.0000000000000000     
          16           1   1.0000000000000000     
          17           1   1.0000000000000000     
          18           1   1.0000000000000000     
          19           1   1.0000000000000000     
          20           1   1.0000000000000000     
          21           1   1.0000000000000000     
          22           1   1.0000000000000000     
          23           1   1.0000000000000000     
          24           1   1.0000000000000000     
          25           1   1.0000000000000000     
          26           1   1.0000000000000000     
          27           1   1.0000000000000000     
          28           1   1.0000000000000000     
          29           1   1.0000000000000000     
          30           1   1.0000000000000000     
          31           1   1.0000000000000000     
          32           1   1.0000000000000000     
          33           1   1.0000000000000000     
          34           1   1.0000000000000000     
          35           1   1.0000000000000000     
          36           1   1.0000000000000000     
          37           1   1.0000000000000000     
          38           1   1.0000000000000000     
          39           1   1.0000000000000000     
          40           1   1.0000000000000000     
           1           2   1.0000000000000000     
           2           2  0.98391420189055900     
           3           2  0.96948406872492954     
           4           2  0.95819485261521198     
           5           2  0.95120852011282042     
           6           2  0.94924415433264453     
           7           2  0.95250394179579634     
           8           2  0.96065236195239101     
           9           2  0.97285072134693862     
          10           2  0.98784347792400862     
          11           2   1.0040874703616156     
          12           2   1.0199107512286463     
          13           2   1.0336846757261677     
          14           2   1.0439915334133241     
          15           2   1.0497704690663097     
          16           2   1.0504266734560090     
          17           2   1.0458926053515416     
          18           2   1.0366349433449396     
          19           2   1.0236065519656281     
          20           2   1.0081484060744272     
          21           2  0.99185156817717335     
          22           2  0.97639342493618120     
          23           2  0.96336503858450884     
          24           2  0.95410738346549573     
          25           2  0.94957332339964751     
          26           2  0.95022953615160421     
          27           2  0.95600847962978242     
          28           2  0.96631534379964179     
          29           2  0.98008927277013080     
          30           2  0.99591255564000403     
          31           2   1.0121565474041816     
          32           2   1.0271493007008643     
          33           2   1.0393476545457079     
          34           2   1.0474960674544964     
          35           2   1.0507558467177363     
          36           2   1.0487914726295355     
          37           2   1.0418051325661277     
          38           2   1.0305159104206358     
          39           2   1.0160857733657191     
          40           2  0.99999997391379103     
           1           3   1.0000000000000000     
           2           3  0.96948406872492954     
           3           3  0.94210905450577087     
           4           3  0.92069258883774996     
           5           3  0.90743900694785640     
           6           3  0.90371246190861676     
           7           3  0.90989651628503554     
           8           3  0.92535466314273496     
           9           3  0.94849583987639974     
          10           3  0.97693819170855423     
          11           3   1.0077542291526549     
          12           3   1.0377721460877833     
          13           3   1.0639022846419703     
          14           3   1.0834551447924774     
          15           3   1.0944182068693329     
          16           3   1.0956630744178515     
          17           3   1.0870616168009486     
          18           3   1.0694991573171697     
          19           3   1.0447833494193668     
          20           3   1.0154581201428015     
          21           3  0.98454183101060855     
          22           3  0.95521660676168230     
          23           3  0.93050080840167693     
          24           3  0.91293836198415645     
          25           3  0.90433691961709983     
          26           3  0.90558180302942992     
          27           3  0.91654487995124589     
          28           3  0.93609775239991322     
          29           3  0.96222789943964582     
          30           3  0.99224582017431251     
          31           3   1.0230618563408684     
          32           3   1.0515042019498895     
          33           3   1.0746453681553609     
          34           3   1.0901035012634441     
          35           3   1.0962875400840322     
          36           3   1.0925609792838640     
          37           3   1.0793073830501716     
          38           3   1.0578909059318469     
          39           3   1.0305158843344269     
          40           3  0.99999995051256063     
           1           4   1.0000000000000000     
           2           4  0.95819485261521198     
           3           4  0.92069258883774996     
           4           4  0.89135320883841540     
           5           4  0.87319653063354630     
           6           4  0.86809136890024752     
           7           4  0.87656318325555538     
           8           4  0.89773999420904416     
           9           4  0.92944213350435056     
          10           4  0.96840659110504601     
          11           4   1.0106228674347220     
          12           4   1.0517457625659790     
          13           4   1.0875426151540930     
          14           4   1.1143289580979792     
          15           4   1.1293477501440190     
          16           4   1.1310531502142724     
          17           4   1.1192696263834794     
          18           4   1.0952100228753758     
          19           4   1.0613507254943431     
          20           4   1.0211767743555480     
          21           4  0.97882315872731041     
          22           4  0.93864921447610417     
          23           4  0.90478993016132980     
          24           4  0.88073034455328114     
          25           4  0.86894684161393876     
          26           4  0.87065226341674162     
          27           4  0.88567107579956084     
          28           4  0.91245743559125003     
          29           4  0.94825429980409492     
          30           4  0.98937720014051023     
          31           4   1.0315934747200204     
          32           4   1.0705579237953651     
          33           4   1.1022600486676257     
          34           4   1.1234368407848965     
          35           4   1.1319086338295719     
          36           4   1.1268034505046680     
          37           4   1.1086467526495831     
          38           4   1.0793073569639626     
          39           4   1.0418050830786882     
          40           4  0.99999993220493000     
           1           5   1.0000000000000000     
           2           5  0.95120852011282042     
           3           5  0.90743900694785640     
           4           5  0.87319653063354630     
           5           5  0.85200557079080652     
           6           5  0.84604725198048492     
           7           5  0.85593484682425613     
           8           5  0.88065065361717099     
           9           5  0.91765074543769043     
          10           5  0.96312680923051830     
          11           5   1.0123981245183700     
          12           5   1.0603933365010316     
          13           5   1.1021724360219878     
          14           5   1.1334352205056346     
          15           5   1.1509639014429187     
          16           5   1.1529543021096471     
          17           5   1.1392015562886997     
          18           5   1.1111211945606529     
          19           5   1.0716034478115570     
          20           5   1.0247157640788520     
          21           5  0.97528415782104372     
          22           5  0.92839648212695791     
          23           5  0.88887875062770838     
          24           5  0.86079840979111222     
          25           5  0.84704568835292293     
          26           5  0.84903611438406967     
          27           5  0.86656481905674565     
          28           5  0.89782762320374243     
          29           5  0.93960673629211444     
          30           5  0.98760195434980269     
          31           5   1.0368732675950068     
          32           5   1.0823493214377566     
          33           5   1.1193493964249006     
          34           5   1.1440651812337534     
          35           5   1.1539527512055323     
          36           5   1.1479944071952910     
          37           5   1.1268034244184590     
          38           5   1.0925609297964245     
          39           5   1.0487914048344655     
          40           5  0.99999992087525091     
           1           6   1.0000000000000000     
           2           6  0.94924415433264453     
           3           6  0.90371246190861676     
           4           6  0.86809136890024752     
           5           6  0.84604725198048492     
           6           6  0.83984904871481503     
           7           6  0.85013472234210052     
           8           6  0.87584559805290241     
           9           6  0.91433532934333872     
          10           6  0.96164227885101439     
          11           6   1.0128972782968280     
          12           6   1.0628247979743790     
          13           6   1.1062859418525735     
          14           6   1.1388073793669273     
          15           6   1.1570417724712627     
          16           6   1.1591123075173460     
          17           6   1.1448058702868207     
          18           6   1.1155949812248811     
          19           6   1.0744862331451617     
          20           6   1.0257108312770526     
          21           6  0.97428908747849952     
          22           6  0.92551369397264782     
          23           6  0.88440496175674033     
          24           6  0.85519409442735017     
          25           6  0.84088768256124302     
          26           6  0.84295824399292696     
          27           6  0.86119266178825127     
          28           6  0.89371411975761006     
          29           6  0.93717527774945020     
          30           6  0.98710280374661097     
          31           6   1.0383578010675389     
          32           6   1.0856647402245423     
          33           6   1.1241544540038844     
          34           6   1.1498653068455365     
          35           6   1.1601509545994726     
          36           6   1.1539527251193236     
          37           6   1.1319085843421324     
          38           6   1.0962874722889620     
          39           6   1.0507557675929873     
          40           6  0.99999991768965479     
           1           7   1.0000000000000000     
           2           7  0.95250394179579634     
           3           7  0.90989651628503554     
           4           7  0.87656318325555538     
           5           7  0.85593484682425613     
           6           7  0.85013472234210052     
           7           7  0.85975979994346141     
           8           7  0.88381939806826826     
           9           7  0.91983713146622637     
          10           7  0.96410579840964838     
          11           7   1.0120689523070234     
          12           7   1.0587898836483696     
          13           7   1.0994597413193183     
          14           7   1.1298924938182013     
          15           7   1.1469557854413546     
          16           7   1.1488933406484363     
          17           7   1.1355057324535274     
          18           7   1.1081709088713294     
          19           7   1.0697023646903767     
          20           7   1.0240595565448094     
          21           7  0.97594036742865686     
          22           7  0.93029756710828204     
          23           7  0.89182903777228961     
          24           7  0.86449423452687113     
          25           7  0.85110665006735420     
          26           7  0.85304422996542473     
          27           7  0.87010754469379137     
          28           7  0.90054031633395915     
          29           7  0.94121018721210659     
          30           7  0.98793112446718645     
          31           7   1.0358942763761465     
          32           7   1.0801629336336667     
          33           7   1.1161806506451781     
          34           7   1.1402402273696035     
          35           7   1.1498652807593275     
          36           7   1.1440651317463140     
          37           7   1.1234367729898265     
          38           7   1.0901034221386949     
          39           7   1.0474959851441512     
          40           7  0.99999992297602580     
           1           8   1.0000000000000000     
           2           8  0.96065236195239101     
           3           8  0.92535466314273496     
           4           8  0.89773999420904416     
           5           8  0.88065065361717099     
           6           8  0.87584559805290241     
           7           8  0.88381939806826826     
           8           8  0.90375133335678537     
           9           8  0.93358986713457792     
          10           8  0.97026380492223541     
          11           8   1.0099984037611900     
          12           8   1.0487038956519630     
          13           8   1.0823964356139979     
          14           8   1.1076081473937458     
          15           8   1.1217440619953749     
          16           8   1.1233492103775360     
          17           8   1.1122583792329450     
          18           8   1.0896131159190230     
          19           8   1.0577442322709769     
          20           8   1.0199319008419809     
          21           8  0.98006803617459171     
          22           8  0.94225571122829865     
          23           8  0.91038683987841285     
          24           8  0.88774159341229364     
          25           8  0.87665078193105284     
          26           8  0.87825595076821861     
          27           8  0.89239188451113249     
          28           8  0.91760361214828789     
          29           8  0.95129616305169540     
          30           8  0.99000165984164223     
          31           8   1.0297362570333142     
          32           8   1.0664101867967823     
          33           8   1.0962487069993858     
          34           8   1.1161806245589694     
          35           8   1.1241544045164449     
          36           8   1.1193493286298306     
          37           8   1.1022599695428767     
          38           8   1.0746452858450157     
          39           8   1.0393475775217336     
          40           8  0.99999993619025307     
           1           9   1.0000000000000000     
           2           9  0.97285072134693862     
           3           9  0.94849583987639974     
           4           9  0.92944213350435056     
           5           9  0.91765074543769043     
           6           9  0.91433532934333872     
           7           9  0.91983713146622637     
           8           9  0.93358986713457792     
           9           9  0.95417800681279430     
          10           9  0.97948247248611964     
          11           9   1.0068987482671750     
          12           9   1.0336049557268181     
          13           9   1.0568523017263902     
          14           9   1.0742480037911712     
          15           9   1.0840015723299270     
          16           9   1.0851091005798836     
          17           9   1.0774565938430316     
          18           9   1.0618317026325925     
          19           9   1.0398426520706272     
          20           9   1.0137527119007594     
          21           9  0.98624724464162261     
          22           9  0.96015730894472262     
          23           9  0.93816826686830268     
          24           9  0.92254338728259444     
          25           9  0.91489089411315816     
          26           9  0.91599843647676060     
          27           9  0.92575201822271513     
          28           9  0.94314773122886875     
          29           9  0.96639508477782343     
          30           9  0.99310129561782312     
          31           9   1.0205175702622782     
          32           9   1.0458220303990335     
          33           9   1.0664101607105734     
          34           9   1.0801628841462274     
          35           9   1.0856646724294723     
          36           9   1.0823492423130074     
          37           9   1.0705578414850199     
          38           9   1.0515041249259154     
          39           9   1.0271492368911175     
          40           9  0.99999995597223401     
           1          10   1.0000000000000000     
           2          10  0.98784347792400862     
           3          10  0.97693819170855423     
           4          10  0.96840659110504601     
           5          10  0.96312680923051830     
           6          10  0.96164227885101439     
           7          10  0.96410579840964838     
           8          10  0.97026380492223541     
           9          10  0.97948247248611964     
          10          10  0.99081295015773385     
          11          10   1.0030890244517476     
          12          10   1.0150471543416022     
          13          10   1.0254565239039917     
          14          10   1.0332457266625714     
          15          10   1.0376130423756800     
          16          10   1.0381089557954226     
          17          10   1.0346824239795311     
          18          10   1.0276861299946358     
          19          10   1.0178401822623750     
          20          10   1.0061579958702689     
          21          10  0.99384198467089024     
          22          10  0.98215980028162664     
          23          10  0.97231385634890422     
          24          10  0.96531756756916709     
          25          10  0.96189104182830232     
          26          10  0.96238696156765458     
          27          10  0.96675428319449686     
          28          10  0.97454349085225067     
          29          10  0.98495286379499647     
          30          10  0.99691099519845938     
          31          10   1.0091870689835423     
          32          10   1.0205175441760692     
          33          10   1.0297362075458749     
          34          10   1.0358942085810765     
          35          10   1.0383577219427900     
          36          10   1.0368731852846615     
          37          10   1.0315933976960461     
          38          10   1.0230617925311214     
          39          10   1.0121565033764155     
          40          10  0.99999998028586623     
           1          11   1.0000000000000000     
           2          11   1.0040874703616156     
           3          11   1.0077542291526549     
           4          11   1.0106228674347220     
           5          11   1.0123981245183700     
           6          11   1.0128972782968280     
           7          11   1.0120689523070234     
           8          11   1.0099984037611900     
           9          11   1.0068987482671750     
          10          11   1.0030890244517476     
          11          11  0.99896135623216109     
          12          11  0.99494059262892109     
          13          11  0.99144057927778340     
          14          11  0.98882156248850051     
          15          11  0.98735311012806715     
          16          11  0.98718636577532759     
          17          11  0.98833849194702683     
          18          11  0.99069090360931367     
          19          11  0.99400147379427750     
          20          11  0.99792945503250585     
          21          11   1.0020705515102730     
          22          11   1.0059985320750719     
          23          11   1.0093091009824910     
          24          11   1.0116615108946121     
          25          11   1.0128136350236636     
          26          11   1.0126468885460385     
          27          11   1.0111784341971901     
          28          11   1.0085594157606246     
          29          11   1.0050594012728866     
          30          11   1.0010386371607156     
          31          11  0.99691096911225041     
          32          11  0.99310124613038375     
          33          11  0.99000159204657212     
          34          11  0.98793104534243747     
          35          11  0.98710272143626576     
          36          11  0.98760187732582860     
          37          11  0.98937713633076330     
          38          11  0.99224577614654641     
          39          11  0.99591253592587037     
          40          11   1.0000000066286177     
           1          12   1.0000000000000000     
           2          12   1.0199107512286463     
           3          12   1.0377721460877833     
           4          12   1.0517457625659790     
           5          12   1.0603933365010316     
           6          12   1.0628247979743790     
           7          12   1.0587898836483696     
           8          12   1.0487038956519630     
           9          12   1.0336049557268181     
          10          12   1.0150471543416022     
          11          12  0.99494059262892109     
          12          12  0.97535478116834229     
          13          12  0.95830563121343004     
          14          12  0.94554796274327901     
          15          12  0.93839488588814801     
          16          12  0.93758264627967125     
          17          12  0.94319484540511001     
          18          12  0.95465383574666862     
          19          12  0.97078017637944447     
          20          12  0.98991402943428164     
          21          12   1.0100860024366876     
          22          12   1.0292198522111373     
          23          12   1.0453461866207798     
          24          12   1.0568051684369877     
          25          12   1.0624173576123483     
          26          12   1.0616051076531992     
          27          12   1.0544520211121662     
          28          12   1.0416943446178262     
          29          12   1.0246451891263437     
          30          12   1.0050593751866777     
          31          12  0.98495281430755710     
          32          12  0.96639501698275343     
          33          12  0.95129608392694631     
          34          12  0.94121010490176138     
          35          12  0.93717520072547611     
          36          12  0.93960667248236740     
          37          12  0.94825425577632882     
          38          12  0.96222787972551216     
          39          12  0.98008927939874857     
          40          12   1.0000000322891045     
           1          13   1.0000000000000000     
           2          13   1.0336846757261677     
           3          13   1.0639022846419703     
           4          13   1.0875426151540930     
           5          13   1.1021724360219878     
           6          13   1.1062859418525735     
           7          13   1.0994597413193183     
           8          13   1.0823964356139979     
           9          13   1.0568523017263902     
          10          13   1.0254565239039917     
          11          13  0.99144057927778340     
          12          13  0.95830563121343004     
          13          13  0.92946216463383802     
          14          13  0.90787895461307755     
          15          13  0.89577749889488323     
          16          13  0.89440336551793043     
          17          13  0.90389799007931304     
          18          13  0.92328411817524081     
          19          13  0.95056639138667265     
          20          13  0.98293672378362618     
          21          13   1.0170633301351459     
          22          13   1.0494336569823952     
          23          13   1.0767159196656340     
          24          13   1.0961020333385161     
          25          13   1.1055966410665232     
          26          13   1.1042224901784761     
          27          13   1.0921210180738350     
          28          13   1.0705377944778856     
          29          13   1.0416943185316172     
          30          13   1.0085593662731851     
          31          13  0.97454342305718067     
          32          13  0.94314765210411977     
          33          13  0.91760352983794269     
          34          13  0.90054023930998495     
          35          13  0.89371405594786313     
          36          13  0.89782757917597633     
          37          13  0.91245741587711626     
          38          13  0.93609775902853098     
          39          13  0.96631537608874629     
          40          13   1.0000000546261667     
           1          14   1.0000000000000000     
           2          14   1.0439915334133241     
           3          14   1.0834551447924774     
           4          14   1.1143289580979792     
           5          14   1.1334352205056346     
           6          14   1.1388073793669273     
           7          14   1.1298924938182013     
           8          14   1.1076081473937458     
           9          14   1.0742480037911712     
          10          14   1.0332457266625714     
          11          14  0.98882156248850051     
          12          14  0.94554796274327901     
          13          14  0.90787895461307755     
          14          14  0.87969170078544223     
          15          14  0.86388743424285996     
          16          14  0.86209284269452502     
          17          14  0.87449263828806123     
          18          14  0.89981054571931707     
          19          14  0.93544066557942251     
          20          14  0.97771569208753706     
          21          14   1.0222843783293341     
          22          14   1.0645593975896426     
          23          14   1.1001895037001317     
          24          14   1.1255073922951695     
          25          14   1.1379071659046438     
          26          14   1.1361125514871591     
          27          14   1.1203082635441952     
          28          14   1.0921209919876262     
          29          14   1.0544519716247269     
          30          14   1.0111783664021201     
          31          14  0.96675420406974788     
          32          14  0.92575193591236993     
          33          14  0.89239180748715841     
          34          14  0.87010748088404433     
          35          14  0.86119261776048528     
          36          14  0.86656479934261199     
          37          14  0.88567108242817849     
          38          14  0.91654491224035051     
          39          14  0.95600853425594912     
          40          14   1.0000000713407147     
           1          15   1.0000000000000000     
           2          15   1.0497704690663097     
           3          15   1.0944182068693329     
           4          15   1.1293477501440190     
           5          15   1.1509639014429187     
           6          15   1.1570417724712627     
           7          15   1.1469557854413546     
           8          15   1.1217440619953749     
           9          15   1.0840015723299270     
          10          15   1.0376130423756800     
          11          15  0.98735311012806715     
          12          15  0.93839488588814801     
          13          15  0.89577749889488323     
          14          15  0.86388743424285996     
          15          15  0.84600704458508402     
          16          15  0.84397670701299077     
          17          15  0.85800539833452905     
          18          15  0.88664918569224282     
          19          15  0.92695984642018159     
          20          15  0.97478832012513028     
          21          15   1.0252117595420336     
          22          15   1.0730402250470703     
          23          15   1.1133508702191781     
          24          15   1.1419946362662592     
          25          15   1.1560233027158053     
          26          15   1.1539929392703629     
          27          15   1.1361125254009501     
          28          15   1.1042224406910366     
          29          15   1.0616050398581292     
          30          15   1.0126468094212895     
          31          15  0.96238687925730937     
          32          15  0.91599835945278651     
          33          15  0.87825588695847157     
          34          15  0.85304418593765874     
          35          15  0.84295822427879319     
          36          15  0.84903612101268733     
          37          15  0.87065229570584624     
          38          15  0.90558185765559662     
          39          15  0.95022960749231877     
          40          15   1.0000000807123679     
           1          16   1.0000000000000000     
           2          16   1.0504266734560090     
           3          16   1.0956630744178515     
           4          16   1.1310531502142724     
           5          16   1.1529543021096471     
           6          16   1.1591123075173460     
           7          16   1.1488933406484363     
           8          16   1.1233492103775360     
           9          16   1.0851091005798836     
          10          16   1.0381089557954226     
          11          16  0.98718636577532759     
          12          16  0.93758264627967125     
          13          16  0.89440336551793043     
          14          16  0.86209284269452502     
          15          16  0.84397670701299077     
          16          16  0.84191960022508805     
          17          16  0.85613325441717247     
          18          16  0.88515469903539346     
          19          16  0.92599684023795070     
          20          16  0.97445591387467800     
          21          16   1.0255441668428666     
          22          16   1.0740032321715691     
          23          16   1.1148453576131980     
          24          16   1.1438667806398140     
          25          16   1.1580804096319786     
          26          16   1.1560232766295964     
          27          16   1.1379071164172043     
          28          16   1.1055965732714532     
          29          16   1.0624172784875991     
          30          16   1.0128135527133184     
          31          16  0.96189096480432812     
          32          16  0.91489083030341112     
          33          16  0.87665073790328674     
          34          16  0.85110663035322043     
          35          16  0.84088768918986079     
          36          16  0.84704572064202743     
          37          16  0.86894689624010557     
          38          16  0.90433699095781450     
          39          16  0.94957340411201541     
          40          16   1.0000000817765293     
           1          17   1.0000000000000000     
           2          17   1.0458926053515416     
           3          17   1.0870616168009486     
           4          17   1.1192696263834794     
           5          17   1.1392015562886997     
           6          17   1.1448058702868207     
           7          17   1.1355057324535274     
           8          17   1.1122583792329450     
           9          17   1.0774565938430316     
          10          17   1.0346824239795311     
          11          17  0.98833849194702683     
          12          17  0.94319484540511001     
          13          17  0.90389799007931304     
          14          17  0.87449263828806123     
          15          17  0.85800539833452905     
          16          17  0.85613325441717247     
          17          17  0.86906890092595246     
          18          17  0.89548090896288024     
          19          17  0.93265076648988998     
          20          17  0.97675268695568696     
          21          17   1.0232473865042135     
          22          17   1.0673492994089944     
          23          17   1.1045191425922050     
          24          17   1.1309311309789172     
          25          17   1.1438667545536050     
          26          17   1.1419945867788199     
          27          17   1.1255073245000995     
          28          17   1.0961019542137669     
          29          17   1.0568050861266425     
          30          17   1.0116614338706378     
          31          17  0.96531750375942016     
          32          17  0.92254334325482845     
          33          17  0.88774157369815998     
          34          17  0.86449424115548890     
          35          17  0.85519412671645467     
          36          17  0.86079846441727892     
          37          17  0.88073041589399570     
          38          17  0.91293844269652435     
          39          17  0.95410746524202494     
          40          17   1.0000000744236677     
           1          18   1.0000000000000000     
           2          18   1.0366349433449396     
           3          18   1.0694991573171697     
           4          18   1.0952100228753758     
           5          18   1.1111211945606529     
           6          18   1.1155949812248811     
           7          18   1.1081709088713294     
           8          18   1.0896131159190230     
           9          18   1.0618317026325925     
          10          18   1.0276861299946358     
          11          18  0.99069090360931367     
          12          18  0.95465383574666862     
          13          18  0.92328411817524081     
          14          18  0.89981054571931707     
          15          18  0.88664918569224282     
          16          18  0.88515469903539346     
          17          18  0.89548090896288024     
          18          18  0.91656496838044887     
          19          18  0.94623675568061649     
          20          18  0.98144223911942552     
          21          18   1.0185578195218148     
          22          18   1.0537632969248496     
          23          18   1.0834350727747135     
          24          18   1.1045191165059962     
          25          18   1.1148453081257585     
          26          18   1.1133508024241081     
          27          18   1.1001894245753825     
          28          18   1.0767158373552888     
          29          18   1.0453461095968055     
          30          18   1.0093090371727440     
          31          18  0.97231381232113812     
          32          18  0.93816824715416902     
          33          18  0.91038684650703050     
          34          18  0.89182907006139422     
          35          18  0.88440501638290703     
          36          18  0.88887882196842294     
          37          18  0.90479001087369770     
          38          18  0.93050089017820614     
          39          18  0.96336511300817651     
          40          18   1.0000000594105918     
           1          19   1.0000000000000000     
           2          19   1.0236065519656281     
           3          19   1.0447833494193668     
           4          19   1.0613507254943431     
           5          19   1.0716034478115570     
           6          19   1.0744862331451617     
           7          19   1.0697023646903767     
           8          19   1.0577442322709769     
           9          19   1.0398426520706272     
          10          19   1.0178401822623750     
          11          19  0.99400147379427750     
          12          19  0.97078017637944447     
          13          19  0.95056639138667265     
          14          19  0.93544066557942251     
          15          19  0.92695984642018159     
          16          19  0.92599684023795070     
          17          19  0.93265076648988998     
          18          19  0.94623675568061649     
          19          19  0.96535644100998452     
          20          19  0.98804188824674422     
          21          19   1.0119581495400614     
          22          19   1.0346435928875339     
          23          19   1.0537632708386406     
          24          19   1.0673492499215549     
          25          19   1.0740031643764991     
          26          19   1.0730401459223211     
          27          19   1.0645593152792974     
          28          19   1.0494335799584211     
          29          19   1.0292197884013903     
          30          19   1.0059984880473058     
          31          19  0.98215978056749298     
          32          19  0.96015731557334028     
          33          19  0.94225574351740315     
          34          19  0.93029762173444874     
          35          19  0.92551376531336249     
          36          19  0.92839656283932581     
          37          19  0.93864929625263349     
          38          19  0.95521668118534997     
          39          19  0.97639348434677309     
          40          19   1.0000000382825547     
           1          20   1.0000000000000000     
           2          20   1.0081484060744272     
           3          20   1.0154581201428015     
           4          20   1.0211767743555480     
           5          20   1.0247157640788520     
           6          20   1.0257108312770526     
           7          20   1.0240595565448094     
           8          20   1.0199319008419809     
           9          20   1.0137527119007594     
          10          20   1.0061579958702689     
          11          20  0.99792945503250585     
          12          20  0.98991402943428164     
          13          20  0.98293672378362618     
          14          20  0.97771569208753706     
          15          20  0.97478832012513028     
          16          20  0.97445591387467800     
          17          20  0.97675268695568696     
          18          20  0.98144223911942552     
          19          20  0.98804188824674422     
          20          20  0.99587235143062047     
          21          20   1.0041276616124635     
          22          20   1.0119581234538526     
          23          20   1.0185577700343753     
          24          20   1.0232473187091435     
